{
 "cells": [
  {
   "cell_type": "markdown",
   "id": "58471ee6-22db-4c18-916d-960bde0e29b7",
   "metadata": {},
   "source": [
    "# Poznámka ke Gaussově eliminaci\n",
    "\n",
    "Gaussova eliminace je notoricky citlivá na nepřesnosti v počítání se strojovými čísly.\n",
    "Pěkně to můžeme demonstrovat na Hilbertově matici $H_n$ což je $n \\times n$ matice, jejíž prvky splňují\n",
    "$$\n",
    "(H_n)_{ij} = \\frac{1}{i + j - 1}, \\quad i,j=1,\\ldots,n.\n",
    "$$\n",
    "Takovouto matici můžeme _exaktně_ reprezentovat pomocí racionálních čísel:"
   ]
  },
  {
   "cell_type": "code",
   "execution_count": 1,
   "id": "0658d6ca-3267-4b37-b320-3af1b333133b",
   "metadata": {},
   "outputs": [
    {
     "data": {
      "text/plain": [
       "hilbert (generic function with 1 method)"
      ]
     },
     "execution_count": 1,
     "metadata": {},
     "output_type": "execute_result"
    }
   ],
   "source": [
    "hilbert(n) = [ 1 // (i + j - 1) for i=1:n, j=1:n ]"
   ]
  },
  {
   "cell_type": "code",
   "execution_count": 2,
   "id": "b8249764-0f9d-48eb-8cb0-6716c6c68459",
   "metadata": {},
   "outputs": [
    {
     "data": {
      "text/plain": [
       "5×5 Matrix{Rational{Int64}}:\n",
       " 1//1  1//2  1//3  1//4  1//5\n",
       " 1//2  1//3  1//4  1//5  1//6\n",
       " 1//3  1//4  1//5  1//6  1//7\n",
       " 1//4  1//5  1//6  1//7  1//8\n",
       " 1//5  1//6  1//7  1//8  1//9"
      ]
     },
     "execution_count": 2,
     "metadata": {},
     "output_type": "execute_result"
    }
   ],
   "source": [
    "hilbert(5)"
   ]
  },
  {
   "cell_type": "markdown",
   "id": "3d47b8ef-a1f3-4de8-8f01-267dd60e6df2",
   "metadata": {},
   "source": [
    "V tomto notebooku si ukážeme, jak (například) výpočet inverze této matice probíhá, resp. selhává, v různých aritmetikách a různých rozměrů.\n",
    "\n",
    "Použijeme naší implementaci, ale podíváme se i na metodu dostupnou v Julia."
   ]
  },
  {
   "cell_type": "code",
   "execution_count": 3,
   "id": "12bcefc4-6fd3-4472-a5a6-3f788dc0c587",
   "metadata": {},
   "outputs": [
    {
     "data": {
      "text/plain": [
       "mybench (generic function with 1 method)"
      ]
     },
     "execution_count": 3,
     "metadata": {},
     "output_type": "execute_result"
    }
   ],
   "source": [
    "using LinearAlgebra: inv, I, norm\n",
    "include(\"gauss.jl\");\n",
    "\n",
    "const NMAX = 15\n",
    "\n",
    "function mybench(T, method, nrange)\n",
    "    for n=nrange\n",
    "        Hn = T.(hilbert(n))\n",
    "        Hninv = method(Hn)\n",
    "        \n",
    "        println(\"n = \", n)\n",
    "        println(\"Inverse\" * (n > 5 ? \"(a section):\" : \":\"))\n",
    "        show(stdout, \"text/plain\", Hninv[1:(min(5,n)), 1:(min(5,n))])\n",
    "        println(\"\\nResidue error: \", norm(Hn * Hninv - I(n), Inf))\n",
    "        println(\"~\"^40)\n",
    "    end\n",
    "end"
   ]
  },
  {
   "cell_type": "markdown",
   "id": "0543b64b-948f-40a7-952a-98e7fe8f798e",
   "metadata": {},
   "source": [
    "Matice nebudeme v zájmu přehlednosti zobrazovat celé, ale pouze $5 \\times 5$ výřez vlevo nahoře.\n",
    "\n",
    "Správnost výpočtu budeme měřit velikostí chyby součinu $H_n$ a její údajné inverze od jednotkové matice (definice inverzní matice). Chybu budeme měřit pomocí tzv. maximové normy, tedy největší hodnoty rozdílu absolutních hodnot rozdílů složek (\"reziduum\"). Správný výsledek je $0$. Čím větší číslo, tím horší výsledek."
   ]
  },
  {
   "cell_type": "markdown",
   "id": "a8c56325-1b2e-4be4-969e-b76e049bc9d7",
   "metadata": {
    "tags": []
   },
   "source": [
    "## Exaktní výpočet v racionálních číslech `Rational{Int64}` v naší implementaci"
   ]
  },
  {
   "cell_type": "code",
   "execution_count": 4,
   "id": "b0925b6b-7d6c-4999-8082-a09d67a66b84",
   "metadata": {},
   "outputs": [
    {
     "name": "stdout",
     "output_type": "stream",
     "text": [
      "n = 1\n",
      "Inverse:\n",
      "1×1 Matrix{Rational{Int64}}:\n",
      " 1//1\n",
      "Residue error: 0.0\n",
      "~~~~~~~~~~~~~~~~~~~~~~~~~~~~~~~~~~~~~~~~\n",
      "n = 2\n",
      "Inverse:\n",
      "2×2 Matrix{Rational{Int64}}:\n",
      "  4//1  -6//1\n",
      " -6//1  12//1\n",
      "Residue error: 0.0\n",
      "~~~~~~~~~~~~~~~~~~~~~~~~~~~~~~~~~~~~~~~~\n",
      "n = 3\n",
      "Inverse:\n",
      "3×3 Matrix{Rational{Int64}}:\n",
      "   9//1   -36//1    30//1\n",
      " -36//1   192//1  -180//1\n",
      "  30//1  -180//1   180//1\n",
      "Residue error: 0.0\n",
      "~~~~~~~~~~~~~~~~~~~~~~~~~~~~~~~~~~~~~~~~\n",
      "n = 4\n",
      "Inverse:\n",
      "4×4 Matrix{Rational{Int64}}:\n",
      "   16//1   -120//1    240//1   -140//1\n",
      " -120//1   1200//1  -2700//1   1680//1\n",
      "  240//1  -2700//1   6480//1  -4200//1\n",
      " -140//1   1680//1  -4200//1   2800//1\n",
      "Residue error: 0.0\n",
      "~~~~~~~~~~~~~~~~~~~~~~~~~~~~~~~~~~~~~~~~\n",
      "n = 5\n",
      "Inverse:\n",
      "5×5 Matrix{Rational{Int64}}:\n",
      "    25//1    -300//1     1050//1    -1400//1     630//1\n",
      "  -300//1    4800//1   -18900//1    26880//1  -12600//1\n",
      "  1050//1  -18900//1    79380//1  -117600//1   56700//1\n",
      " -1400//1   26880//1  -117600//1   179200//1  -88200//1\n",
      "   630//1  -12600//1    56700//1   -88200//1   44100//1\n",
      "Residue error: 0.0\n",
      "~~~~~~~~~~~~~~~~~~~~~~~~~~~~~~~~~~~~~~~~\n",
      "n = 6\n",
      "Inverse(a section):\n",
      "5×5 Matrix{Rational{Int64}}:\n",
      "    36//1     -630//1      3360//1     -7560//1      7560//1\n",
      "  -630//1    14700//1    -88200//1    211680//1   -220500//1\n",
      "  3360//1   -88200//1    564480//1  -1411200//1   1512000//1\n",
      " -7560//1   211680//1  -1411200//1   3628800//1  -3969000//1\n",
      "  7560//1  -220500//1   1512000//1  -3969000//1   4410000//1\n",
      "Residue error: 0.0\n",
      "~~~~~~~~~~~~~~~~~~~~~~~~~~~~~~~~~~~~~~~~\n",
      "n = 7\n",
      "Inverse(a section):\n",
      "5×5 Matrix{Rational{Int64}}:\n",
      "     49//1     -1176//1       8820//1     -29400//1      48510//1\n",
      "  -1176//1     37632//1    -317520//1    1128960//1   -1940400//1\n",
      "   8820//1   -317520//1    2857680//1  -10584000//1   18711000//1\n",
      " -29400//1   1128960//1  -10584000//1   40320000//1  -72765000//1\n",
      "  48510//1  -1940400//1   18711000//1  -72765000//1  133402500//1\n",
      "Residue error: 0.0\n",
      "~~~~~~~~~~~~~~~~~~~~~~~~~~~~~~~~~~~~~~~~\n",
      "n = 8\n",
      "Inverse(a section):\n",
      "5×5 Matrix{Rational{Int64}}:\n",
      "     64//1      -2016//1      20160//1      -92400//1      221760//1\n",
      "  -2016//1      84672//1    -952560//1     4656960//1   -11642400//1\n",
      "  20160//1    -952560//1   11430720//1   -58212000//1   149688000//1\n",
      " -92400//1    4656960//1  -58212000//1   304920000//1  -800415000//1\n",
      " 221760//1  -11642400//1  149688000//1  -800415000//1  2134440000//1\n",
      "Residue error: 0.0\n",
      "~~~~~~~~~~~~~~~~~~~~~~~~~~~~~~~~~~~~~~~~\n",
      "n = 9\n",
      "Inverse(a section):\n",
      "5×5 Matrix{Rational{Int64}}:\n",
      "      81//1      -3240//1       41580//1      -249480//1       810810//1\n",
      "   -3240//1     172800//1    -2494800//1     15966720//1    -54054000//1\n",
      "   41580//1   -2494800//1    38419920//1   -256132800//1    891891000//1\n",
      " -249480//1   15966720//1  -256132800//1   1756339200//1  -6243237000//1\n",
      "  810810//1  -54054000//1   891891000//1  -6243237000//1  22545022500//1\n",
      "Residue error: 0.0\n",
      "~~~~~~~~~~~~~~~~~~~~~~~~~~~~~~~~~~~~~~~~\n",
      "n = 10\n",
      "Inverse(a section):\n",
      "5×5 Matrix{Rational{Int64}}:\n",
      "     100//1       -4950//1       79200//1       -600600//1       2522520//1\n",
      "   -4950//1      326700//1    -5880600//1      47567520//1    -208107900//1\n",
      "   79200//1    -5880600//1   112907520//1    -951350400//1    4281076800//1\n",
      " -600600//1    47567520//1  -951350400//1    8245036800//1  -37875637800//1\n",
      " 2522520//1  -208107900//1  4281076800//1  -37875637800//1  176752976400//1\n",
      "Residue error: 0.0\n",
      "~~~~~~~~~~~~~~~~~~~~~~~~~~~~~~~~~~~~~~~~\n",
      "n = 11\n",
      "Inverse(a section):\n",
      "5×5 Matrix{Rational{Int64}}:\n",
      "      121//1       -7260//1       141570//1       -1321320//1        6936930//1\n",
      "    -7260//1      580800//1    -12741300//1      126846720//1     -693693000//1\n",
      "   141570//1   -12741300//1    298146420//1    -3091888800//1    17391874500//1\n",
      " -1321320//1   126846720//1  -3091888800//1    32980147200//1  -189378189000//1\n",
      "  6936930//1  -693693000//1  17391874500//1  -189378189000//1  1104706102500//1\n",
      "Residue error: 0.0\n",
      "~~~~~~~~~~~~~~~~~~~~~~~~~~~~~~~~~~~~~~~~\n",
      "n = 12\n",
      "Inverse(a section):\n",
      "5×5 Matrix{Rational{Int64}}:\n",
      "      144//1       -10296//1       240240//1       -2702700//1       17297280//1\n",
      "   -10296//1       981552//1    -25765740//1      309188880//1    -2061259200//1\n",
      "   240240//1    -25765740//1    721440720//1    -9018009000//1    61837776000//1\n",
      " -2702700//1    309188880//1  -9018009000//1   115945830000//1  -811620810000//1\n",
      " 17297280//1  -2061259200//1  61837776000//1  -811620810000//1  5771525760000//1\n",
      "Residue error: 0.0\n",
      "~~~~~~~~~~~~~~~~~~~~~~~~~~~~~~~~~~~~~~~~\n",
      "n = 13\n",
      "Inverse(a section):\n",
      "5×5 Matrix{Rational{Int64}}:\n",
      "      169//1       -14196//1        390390//1        -5205200//1        39819780//1\n",
      "   -14196//1      1589952//1     -49189140//1       699578880//1     -5574769200//1\n",
      "   390390//1    -49189140//1    1623241620//1    -24048024000//1    197107911000//1\n",
      " -5205200//1    699578880//1  -24048024000//1    366446080000//1  -3066123060000//1\n",
      " 39819780//1  -5574769200//1  197107911000//1  -3066123060000//1  26062046010000//1\n",
      "Residue error: 0.0\n",
      "~~~~~~~~~~~~~~~~~~~~~~~~~~~~~~~~~~~~~~~~\n"
     ]
    },
    {
     "ename": "LoadError",
     "evalue": "OverflowError: 208 * 54674698473158400 overflowed for type Int64",
     "output_type": "error",
     "traceback": [
      "OverflowError: 208 * 54674698473158400 overflowed for type Int64",
      "",
      "Stacktrace:",
      "  [1] checked_mul",
      "    @ ./checked.jl:288 [inlined]",
      "  [2] *(x::Rational{Int64}, y::Rational{Int64})",
      "    @ Base ./rational.jl:312",
      "  [3] add_row_multiple!(A::Matrix{Rational{Int64}}, alpha::Rational{Int64}, j::Int64, k::Int64, col_offset::Int64)",
      "    @ Main ~/documents/fit/B211-BI-JUL/b211-homeworks/gauss.jl:139",
      "  [4] add_row_multiple!",
      "    @ ~/documents/fit/B211-BI-JUL/b211-homeworks/gauss.jl:136 [inlined]",
      "  [5] echelon_form!(A::Matrix{Rational{Int64}}, pivots::Vector{Int64})",
      "    @ Main ~/documents/fit/B211-BI-JUL/b211-homeworks/gauss.jl:38",
      "  [6] echelon_form!",
      "    @ ~/documents/fit/B211-BI-JUL/b211-homeworks/gauss.jl:25 [inlined]",
      "  [7] inverse(A::Matrix{Rational{Int64}})",
      "    @ Main ~/documents/fit/B211-BI-JUL/b211-homeworks/gauss.jl:65",
      "  [8] mybench(T::Type, method::typeof(inverse), nrange::UnitRange{Int64})",
      "    @ Main ./In[3]:9",
      "  [9] top-level scope",
      "    @ In[4]:1",
      " [10] eval",
      "    @ ./boot.jl:360 [inlined]",
      " [11] include_string(mapexpr::typeof(REPL.softscope), mod::Module, code::String, filename::String)",
      "    @ Base ./loading.jl:1116"
     ]
    }
   ],
   "source": [
    "mybench(Rational{Int64}, inverse, 1:NMAX)"
   ]
  },
  {
   "cell_type": "markdown",
   "id": "77180f3f-4dd8-4543-a9fe-af3b886d8314",
   "metadata": {},
   "source": [
    "Co vidíme? Prvky inverzní matice jsou velká celá čísla. Výseledek je přesný. Jediným nebezpečím zde by bylo přetečení rozsahu `Int64`. K čemuž došlo už pro `n = 13`.\n",
    "Toto bychom ale mohli ošetřit změnou typu prvků matice na `Rational{BigInt}`."
   ]
  },
  {
   "cell_type": "markdown",
   "id": "a85a89df-eb8a-41cd-a221-845a83f69509",
   "metadata": {
    "tags": []
   },
   "source": [
    "## Exaktní výpočet v racionálních číslech `Rational{BigInt}` v naší implementaci"
   ]
  },
  {
   "cell_type": "code",
   "execution_count": 5,
   "id": "da49ba50-a455-4328-ae8b-52573d0c7719",
   "metadata": {},
   "outputs": [
    {
     "name": "stdout",
     "output_type": "stream",
     "text": [
      "n = 1\n",
      "Inverse:\n",
      "1×1 Matrix{Rational{BigInt}}:\n",
      " 1//1\n",
      "Residue error: 0.0\n",
      "~~~~~~~~~~~~~~~~~~~~~~~~~~~~~~~~~~~~~~~~\n",
      "n = 2\n",
      "Inverse:\n",
      "2×2 Matrix{Rational{BigInt}}:\n",
      "  4//1  -6//1\n",
      " -6//1  12//1\n",
      "Residue error: 0.0\n",
      "~~~~~~~~~~~~~~~~~~~~~~~~~~~~~~~~~~~~~~~~\n",
      "n = 3\n",
      "Inverse:\n",
      "3×3 Matrix{Rational{BigInt}}:\n",
      "   9//1   -36//1    30//1\n",
      " -36//1   192//1  -180//1\n",
      "  30//1  -180//1   180//1\n",
      "Residue error: 0.0\n",
      "~~~~~~~~~~~~~~~~~~~~~~~~~~~~~~~~~~~~~~~~\n",
      "n = 4\n",
      "Inverse:\n",
      "4×4 Matrix{Rational{BigInt}}:\n",
      "   16//1   -120//1    240//1   -140//1\n",
      " -120//1   1200//1  -2700//1   1680//1\n",
      "  240//1  -2700//1   6480//1  -4200//1\n",
      " -140//1   1680//1  -4200//1   2800//1\n",
      "Residue error: 0.0\n",
      "~~~~~~~~~~~~~~~~~~~~~~~~~~~~~~~~~~~~~~~~\n",
      "n = 5\n",
      "Inverse:\n",
      "5×5 Matrix{Rational{BigInt}}:\n",
      "    25//1    -300//1     1050//1    -1400//1     630//1\n",
      "  -300//1    4800//1   -18900//1    26880//1  -12600//1\n",
      "  1050//1  -18900//1    79380//1  -117600//1   56700//1\n",
      " -1400//1   26880//1  -117600//1   179200//1  -88200//1\n",
      "   630//1  -12600//1    56700//1   -88200//1   44100//1\n",
      "Residue error: 0.0\n",
      "~~~~~~~~~~~~~~~~~~~~~~~~~~~~~~~~~~~~~~~~\n",
      "n = 6\n",
      "Inverse(a section):\n",
      "5×5 Matrix{Rational{BigInt}}:\n",
      "    36//1     -630//1      3360//1     -7560//1      7560//1\n",
      "  -630//1    14700//1    -88200//1    211680//1   -220500//1\n",
      "  3360//1   -88200//1    564480//1  -1411200//1   1512000//1\n",
      " -7560//1   211680//1  -1411200//1   3628800//1  -3969000//1\n",
      "  7560//1  -220500//1   1512000//1  -3969000//1   4410000//1\n",
      "Residue error: 0.0\n",
      "~~~~~~~~~~~~~~~~~~~~~~~~~~~~~~~~~~~~~~~~\n",
      "n = 7\n",
      "Inverse(a section):\n",
      "5×5 Matrix{Rational{BigInt}}:\n",
      "     49//1     -1176//1       8820//1     -29400//1      48510//1\n",
      "  -1176//1     37632//1    -317520//1    1128960//1   -1940400//1\n",
      "   8820//1   -317520//1    2857680//1  -10584000//1   18711000//1\n",
      " -29400//1   1128960//1  -10584000//1   40320000//1  -72765000//1\n",
      "  48510//1  -1940400//1   18711000//1  -72765000//1  133402500//1\n",
      "Residue error: 0.0\n",
      "~~~~~~~~~~~~~~~~~~~~~~~~~~~~~~~~~~~~~~~~\n",
      "n = 8\n",
      "Inverse(a section):\n",
      "5×5 Matrix{Rational{BigInt}}:\n",
      "     64//1      -2016//1      20160//1      -92400//1      221760//1\n",
      "  -2016//1      84672//1    -952560//1     4656960//1   -11642400//1\n",
      "  20160//1    -952560//1   11430720//1   -58212000//1   149688000//1\n",
      " -92400//1    4656960//1  -58212000//1   304920000//1  -800415000//1\n",
      " 221760//1  -11642400//1  149688000//1  -800415000//1  2134440000//1\n",
      "Residue error: 0.0\n",
      "~~~~~~~~~~~~~~~~~~~~~~~~~~~~~~~~~~~~~~~~\n",
      "n = 9\n",
      "Inverse(a section):\n",
      "5×5 Matrix{Rational{BigInt}}:\n",
      "      81//1      -3240//1       41580//1      -249480//1       810810//1\n",
      "   -3240//1     172800//1    -2494800//1     15966720//1    -54054000//1\n",
      "   41580//1   -2494800//1    38419920//1   -256132800//1    891891000//1\n",
      " -249480//1   15966720//1  -256132800//1   1756339200//1  -6243237000//1\n",
      "  810810//1  -54054000//1   891891000//1  -6243237000//1  22545022500//1\n",
      "Residue error: 0.0\n",
      "~~~~~~~~~~~~~~~~~~~~~~~~~~~~~~~~~~~~~~~~\n",
      "n = 10\n",
      "Inverse(a section):\n",
      "5×5 Matrix{Rational{BigInt}}:\n",
      "     100//1       -4950//1       79200//1       -600600//1       2522520//1\n",
      "   -4950//1      326700//1    -5880600//1      47567520//1    -208107900//1\n",
      "   79200//1    -5880600//1   112907520//1    -951350400//1    4281076800//1\n",
      " -600600//1    47567520//1  -951350400//1    8245036800//1  -37875637800//1\n",
      " 2522520//1  -208107900//1  4281076800//1  -37875637800//1  176752976400//1\n",
      "Residue error: 0.0\n",
      "~~~~~~~~~~~~~~~~~~~~~~~~~~~~~~~~~~~~~~~~\n",
      "n = 11\n",
      "Inverse(a section):\n",
      "5×5 Matrix{Rational{BigInt}}:\n",
      "      121//1       -7260//1       141570//1       -1321320//1        6936930//1\n",
      "    -7260//1      580800//1    -12741300//1      126846720//1     -693693000//1\n",
      "   141570//1   -12741300//1    298146420//1    -3091888800//1    17391874500//1\n",
      " -1321320//1   126846720//1  -3091888800//1    32980147200//1  -189378189000//1\n",
      "  6936930//1  -693693000//1  17391874500//1  -189378189000//1  1104706102500//1\n",
      "Residue error: 0.0\n",
      "~~~~~~~~~~~~~~~~~~~~~~~~~~~~~~~~~~~~~~~~\n",
      "n = 12\n",
      "Inverse(a section):\n",
      "5×5 Matrix{Rational{BigInt}}:\n",
      "      144//1       -10296//1       240240//1       -2702700//1       17297280//1\n",
      "   -10296//1       981552//1    -25765740//1      309188880//1    -2061259200//1\n",
      "   240240//1    -25765740//1    721440720//1    -9018009000//1    61837776000//1\n",
      " -2702700//1    309188880//1  -9018009000//1   115945830000//1  -811620810000//1\n",
      " 17297280//1  -2061259200//1  61837776000//1  -811620810000//1  5771525760000//1\n",
      "Residue error: 0.0\n",
      "~~~~~~~~~~~~~~~~~~~~~~~~~~~~~~~~~~~~~~~~\n",
      "n = 13\n",
      "Inverse(a section):\n",
      "5×5 Matrix{Rational{BigInt}}:\n",
      "      169//1       -14196//1        390390//1        -5205200//1        39819780//1\n",
      "   -14196//1      1589952//1     -49189140//1       699578880//1     -5574769200//1\n",
      "   390390//1    -49189140//1    1623241620//1    -24048024000//1    197107911000//1\n",
      " -5205200//1    699578880//1  -24048024000//1    366446080000//1  -3066123060000//1\n",
      " 39819780//1  -5574769200//1  197107911000//1  -3066123060000//1  26062046010000//1\n",
      "Residue error: 0.0\n",
      "~~~~~~~~~~~~~~~~~~~~~~~~~~~~~~~~~~~~~~~~\n",
      "n = 14\n",
      "Inverse(a section):\n",
      "5×5 Matrix{Rational{BigInt}}:\n",
      "      196//1        -19110//1        611520//1         -9529520//1         85765680//1\n",
      "   -19110//1       2484300//1     -89434800//1       1486605120//1     -13936923000//1\n",
      "   611520//1     -89434800//1    3434296320//1     -59464204800//1     573404832000//1\n",
      " -9529520//1    1486605120//1  -59464204800//1    1059029171200//1  -10424818404000//1\n",
      " 85765680//1  -13936923000//1  573404832000//1  -10424818404000//1  104248184040000//1\n",
      "Residue error: 0.0\n",
      "~~~~~~~~~~~~~~~~~~~~~~~~~~~~~~~~~~~~~~~~\n",
      "n = 15\n",
      "Inverse(a section):\n",
      "5×5 Matrix{Rational{BigInt}}:\n",
      "       225//1        -25200//1         928200//1        -16707600//1        174594420//1\n",
      "    -25200//1       3763200//1     -155937600//1       2994001920//1     -32590958400//1\n",
      "    928200//1    -155937600//1     6892441920//1    -137848838400//1    1543414672800//1\n",
      " -16707600//1    2994001920//1  -137848838400//1    2835747532800//1  -32411708128800//1\n",
      " 174594420//1  -32590958400//1  1543414672800//1  -32411708128800//1  376335944384400//1\n",
      "Residue error: 0.0\n",
      "~~~~~~~~~~~~~~~~~~~~~~~~~~~~~~~~~~~~~~~~\n"
     ]
    }
   ],
   "source": [
    "mybench(Rational{BigInt}, inverse, 1:NMAX)"
   ]
  },
  {
   "cell_type": "markdown",
   "id": "c9e8727a-7211-418b-8907-8b9257320474",
   "metadata": {},
   "source": [
    "Zde dostáváme dobré výsledky, samozřejmě v jistý okamžik by opět došlo k přetečení. Reziduum je zde přesně nula (exaktní aritmetika)."
   ]
  },
  {
   "cell_type": "markdown",
   "id": "2e0d74ed-6593-4fd7-92dc-4ab4bca4f937",
   "metadata": {
    "tags": []
   },
   "source": [
    "## Nepřesný výpočet ve `Float64` v naší implementaci"
   ]
  },
  {
   "cell_type": "code",
   "execution_count": 6,
   "id": "753c47de-6192-485e-8c64-eaf73671b710",
   "metadata": {},
   "outputs": [
    {
     "name": "stdout",
     "output_type": "stream",
     "text": [
      "n = 1\n",
      "Inverse:\n",
      "1×1 Matrix{Float64}:\n",
      " 1.0\n",
      "Residue error: 0.0\n",
      "~~~~~~~~~~~~~~~~~~~~~~~~~~~~~~~~~~~~~~~~\n",
      "n = 2\n",
      "Inverse:\n",
      "2×2 Matrix{Float64}:\n",
      "  4.0  -6.0\n",
      " -6.0  12.0\n",
      "Residue error: 0.0\n",
      "~~~~~~~~~~~~~~~~~~~~~~~~~~~~~~~~~~~~~~~~\n",
      "n = 3\n",
      "Inverse:\n",
      "3×3 Matrix{Float64}:\n",
      "   9.0   -36.0    30.0\n",
      " -36.0   192.0  -180.0\n",
      "  30.0  -180.0   180.0\n",
      "Residue error: 1.4210854715202004e-14\n",
      "~~~~~~~~~~~~~~~~~~~~~~~~~~~~~~~~~~~~~~~~\n",
      "n = 4\n",
      "Inverse:\n",
      "4×4 Matrix{Float64}:\n",
      "   16.0   -120.0    240.0   -140.0\n",
      " -120.0   1200.0  -2700.0   1680.0\n",
      "  240.0  -2700.0   6480.0  -4200.0\n",
      " -140.0   1680.0  -4200.0   2800.0\n",
      "Residue error: 1.2064423534259876e-13\n",
      "~~~~~~~~~~~~~~~~~~~~~~~~~~~~~~~~~~~~~~~~\n",
      "n = 5\n",
      "Inverse:\n",
      "5×5 Matrix{Float64}:\n",
      "    25.0    -300.0     1050.0    -1400.0     630.0\n",
      "  -300.0    4800.0   -18900.0    26880.0  -12600.0\n",
      "  1050.0  -18900.0    79380.0  -117600.0   56700.0\n",
      " -1400.0   26880.0  -117600.0   179200.0  -88200.0\n",
      "   630.0  -12600.0    56700.0   -88200.0   44100.0\n",
      "Residue error: 7.905454069145948e-12\n",
      "~~~~~~~~~~~~~~~~~~~~~~~~~~~~~~~~~~~~~~~~\n",
      "n = 6\n",
      "Inverse(a section):\n",
      "5×5 Matrix{Float64}:\n",
      "    36.0     -630.0    3360.0        -7560.0          7560.0\n",
      "  -630.0    14700.0  -88200.0       211680.0       -220500.0\n",
      "  3360.0   -88200.0  564480.0           -1.4112e6        1.512e6\n",
      " -7560.0   211680.0      -1.4112e6       3.6288e6       -3.969e6\n",
      "  7560.0  -220500.0       1.512e6       -3.969e6         4.41e6\n",
      "Residue error: 1.0832975257593814e-9\n",
      "~~~~~~~~~~~~~~~~~~~~~~~~~~~~~~~~~~~~~~~~\n",
      "n = 7\n",
      "Inverse(a section):\n",
      "5×5 Matrix{Float64}:\n",
      "     49.0    -1176.0           8820.0        -29400.0        48510.0\n",
      "  -1176.0    37632.0        -317520.0             1.12896e6     -1.9404e6\n",
      "   8820.0  -317520.0              2.85768e6      -1.0584e7       1.8711e7\n",
      " -29400.0        1.12896e6       -1.0584e7        4.032e7       -7.2765e7\n",
      "  48510.0       -1.9404e6         1.8711e7       -7.2765e7       1.33403e8\n",
      "Residue error: 2.1321340947809548e-8\n",
      "~~~~~~~~~~~~~~~~~~~~~~~~~~~~~~~~~~~~~~~~\n",
      "n = 8\n",
      "Inverse(a section):\n",
      "5×5 Matrix{Float64}:\n",
      "     64.0    -2016.0          20160.0        -92400.0        221760.0\n",
      "  -2016.0    84672.0        -952560.0             4.65696e6      -1.16424e7\n",
      "  20160.0  -952560.0              1.14307e7      -5.8212e7        1.49688e8\n",
      " -92400.0        4.65696e6       -5.8212e7        3.0492e8       -8.00415e8\n",
      " 221760.0       -1.16424e7        1.49688e8      -8.00415e8       2.13444e9\n",
      "Residue error: 6.109476089477539e-7\n",
      "~~~~~~~~~~~~~~~~~~~~~~~~~~~~~~~~~~~~~~~~\n",
      "n = 9\n",
      "Inverse(a section):\n",
      "5×5 Matrix{Float64}:\n",
      "    80.9999     -3240.0        41579.9        -2.49479e5   8.10808e5\n",
      " -3240.0            1.728e5       -2.49479e6   1.59667e7  -5.40538e7\n",
      " 41579.9           -2.49479e6      3.84198e7  -2.56132e8   8.91888e8\n",
      "    -2.49479e5      1.59667e7     -2.56132e8   1.75633e9  -6.24322e9\n",
      "     8.10808e5     -5.40538e7      8.91888e8  -6.24322e9   2.2545e10\n",
      "Residue error: 7.95863286737938e-5\n",
      "~~~~~~~~~~~~~~~~~~~~~~~~~~~~~~~~~~~~~~~~\n",
      "n = 10\n",
      "Inverse(a section):\n",
      "5×5 Matrix{Float64}:\n",
      "    99.9969     -4949.73       79194.2        -6.00547e5    2.52227e6\n",
      " -4949.73           3.26676e5     -5.88009e6   4.75629e7   -2.08086e8\n",
      " 79194.2           -5.88009e6      1.12897e8  -9.51252e8    4.28061e9\n",
      "    -6.00547e5      4.75629e7     -9.51252e8   8.24414e9   -3.78713e10\n",
      "     2.52227e6     -2.08086e8      4.28061e9  -3.78713e10   1.76732e11\n",
      "Residue error: 0.00033663344969415743\n",
      "~~~~~~~~~~~~~~~~~~~~~~~~~~~~~~~~~~~~~~~~\n",
      "n = 11\n",
      "Inverse(a section):\n",
      "5×5 Matrix{Float64}:\n",
      "   120.91       -7250.46        1.41321e5   -1.31851e6    6.92012e6\n",
      " -7250.48           5.79794e5  -1.2715e7     1.26551e8   -6.91922e8\n",
      "     1.41322e5     -1.27151e7   2.97461e8   -3.08418e9    1.73457e10\n",
      "    -1.31853e6      1.26552e8  -3.08419e9    3.28935e10  -1.88859e11\n",
      "     6.92024e6     -6.9193e8    1.73458e10  -1.8886e11    1.1016e12\n",
      "Residue error: 0.170587127022818\n",
      "~~~~~~~~~~~~~~~~~~~~~~~~~~~~~~~~~~~~~~~~\n",
      "n = 12\n",
      "Inverse(a section):\n",
      "5×5 Matrix{Float64}:\n",
      "    141.935      -10034.1        232003.0         -2.59047e6    1.64746e7\n",
      " -10035.4             9.48509e5      -2.47265e7    2.9503e8    -1.95748e9\n",
      " 232073.0            -2.47305e7       6.88881e8   -8.57443e9    5.85866e10\n",
      "     -2.59178e6       2.95129e8      -8.57585e9    1.09922e11  -7.67473e11\n",
      "      1.64864e7      -1.95848e9       5.86058e10  -7.67592e11   5.44884e12\n",
      "Residue error: 11.386488177411202\n",
      "~~~~~~~~~~~~~~~~~~~~~~~~~~~~~~~~~~~~~~~~\n",
      "n = 13\n",
      "Inverse(a section):\n",
      "5×5 Matrix{Float64}:\n",
      "    149.576      -11309.8         2.83651e5   -3.48543e6    2.47832e7\n",
      " -11331.9             1.16495e6  -3.34895e7    4.46874e8   -3.36714e9\n",
      "      2.85136e5      -3.35885e7   1.0475e9    -1.47886e10   1.16276e11\n",
      "     -3.51829e6       4.49794e8  -1.48375e10   2.18422e11  -1.77472e12\n",
      "      2.51366e7      -3.40245e9   1.17065e11  -1.78054e12   1.48524e13\n",
      "Residue error: 88.55902110140298\n",
      "~~~~~~~~~~~~~~~~~~~~~~~~~~~~~~~~~~~~~~~~\n",
      "n = 14\n",
      "Inverse(a section):\n",
      "5×5 Matrix{Float64}:\n",
      " 0.0  34504.9        -2.32465e6    5.46008e7   -6.42325e8\n",
      " 0.0     -2.30642e6   1.6415e8    -3.95461e9    4.71837e10\n",
      " 0.0      5.37707e7  -3.92644e9    9.59853e10  -1.15598e12\n",
      " 0.0     -6.28283e8   4.65475e10  -1.14871e12   1.39272e13\n",
      " 0.0      4.30099e9  -3.21585e11   7.98905e12  -9.73564e13\n",
      "Residue error: 9.638568112311066e8\n",
      "~~~~~~~~~~~~~~~~~~~~~~~~~~~~~~~~~~~~~~~~\n",
      "n = 15\n",
      "Inverse(a section):\n",
      "5×5 Matrix{Float64}:\n",
      "    152.886      -11661.4         2.90912e5   -3.49879e6    2.38774e7\n",
      " -11660.6             1.19535e6  -3.38658e7    4.39508e8   -3.17005e9\n",
      " 290763.0            -3.38478e7   1.03405e9   -1.41607e10   1.06718e11\n",
      "     -3.49285e6       4.38673e8  -1.41402e10   2.02141e11  -1.5823e12\n",
      "      2.37747e7      -3.15497e9   1.06243e11  -1.57748e12   1.27905e13\n",
      "Residue error: 352.2636353265322\n",
      "~~~~~~~~~~~~~~~~~~~~~~~~~~~~~~~~~~~~~~~~\n"
     ]
    }
   ],
   "source": [
    "mybench(Float64, inverse, 1:15)"
   ]
  },
  {
   "cell_type": "markdown",
   "id": "5c320aea-a39b-4cf6-9718-c1841f38b266",
   "metadata": {},
   "source": [
    "Zde vidíme, že od cca $n=10$ už je chyba poměrně velká. Od této hodnoty se výsledku už moc nedá věřit, je špatně!"
   ]
  },
  {
   "cell_type": "markdown",
   "id": "905be609-102e-4fbc-a6a6-26fa02580395",
   "metadata": {
    "tags": []
   },
   "source": [
    "## Nepřesný výpočet v `BigFloat` v naší implementaci"
   ]
  },
  {
   "cell_type": "code",
   "execution_count": 7,
   "id": "cef397e2-427a-4661-9cbe-db2d118e3929",
   "metadata": {},
   "outputs": [
    {
     "name": "stdout",
     "output_type": "stream",
     "text": [
      "n = 2\n",
      "Inverse:\n",
      "2×2 Matrix{BigFloat}:\n",
      "  4.0  -6.0\n",
      " -6.0  12.0\n",
      "Residue error: 0.0\n",
      "~~~~~~~~~~~~~~~~~~~~~~~~~~~~~~~~~~~~~~~~\n",
      "n = 3\n",
      "Inverse:\n",
      "3×3 Matrix{BigFloat}:\n",
      "   9.0   -36.0    30.0\n",
      " -36.0   192.0  -180.0\n",
      "  30.0  -180.0   180.0\n",
      "Residue error: 1.105429575052088912049453038438451145102848046647844017283034044181579750804791e-75\n",
      "~~~~~~~~~~~~~~~~~~~~~~~~~~~~~~~~~~~~~~~~\n",
      "n = 4\n",
      "Inverse:\n",
      "4×4 Matrix{BigFloat}:\n",
      "   16.0   -120.0    240.0   -140.0\n",
      " -120.0   1200.0  -2700.0   1680.0\n",
      "  240.0  -2700.0   6480.0  -4200.0\n",
      " -140.0   1680.0  -4200.0   2800.0\n",
      "Residue error: 1.768687320083342259279124861501521832164556874636550427652854470690527601287665e-74\n",
      "~~~~~~~~~~~~~~~~~~~~~~~~~~~~~~~~~~~~~~~~\n",
      "n = 5\n",
      "Inverse:\n",
      "5×5 Matrix{BigFloat}:\n",
      "    25.0    -300.0     1050.0    -1400.0     630.0\n",
      "  -300.0    4800.0   -18900.0    26880.0  -12600.0\n",
      "  1050.0  -18900.0    79380.0  -117600.0   56700.0\n",
      " -1400.0   26880.0  -117600.0   179200.0  -88200.0\n",
      "   630.0  -12600.0    56700.0   -88200.0   44100.0\n",
      "Residue error: 1.131959884853339045938639911360973972585316399767392273697826861241937664824106e-72\n",
      "~~~~~~~~~~~~~~~~~~~~~~~~~~~~~~~~~~~~~~~~\n",
      "n = 6\n",
      "Inverse(a section):\n",
      "5×5 Matrix{BigFloat}:\n",
      "    36.0     -630.0    3360.0          -7560.0            7560.0\n",
      "  -630.0    14700.0  -88200.0         211680.0         -220500.0\n",
      "  3360.0   -88200.0  564480.0             -1.4112e+06        1.512e+06\n",
      " -7560.0   211680.0      -1.4112e+06       3.6288e+06       -3.969e+06\n",
      "  7560.0  -220500.0       1.512e+06       -3.969e+06         4.41e+06\n",
      "Residue error: 4.527839539413356183754559645443895890341265599069569094791307444967750659296423e-71\n",
      "~~~~~~~~~~~~~~~~~~~~~~~~~~~~~~~~~~~~~~~~\n",
      "n = 7\n",
      "Inverse(a section):\n",
      "5×5 Matrix{BigFloat}:\n",
      "     49.0    -1176.0             8820.0          -29400.0          48510.0\n",
      "  -1176.0    37632.0          -317520.0               1.12896e+06     -1.9404e+06\n",
      "   8820.0  -317520.0                2.85768e+06      -1.0584e+07       1.8711e+07\n",
      " -29400.0        1.12896e+06       -1.0584e+07        4.032e+07       -7.2765e+07\n",
      "  48510.0       -1.9404e+06         1.8711e+07       -7.2765e+07       1.33403e+08\n",
      "Residue error: 1.231572354720432881981240223560739682172824242946922793783235625031228179328627e-69\n",
      "~~~~~~~~~~~~~~~~~~~~~~~~~~~~~~~~~~~~~~~~\n",
      "n = 8\n",
      "Inverse(a section):\n",
      "5×5 Matrix{BigFloat}:\n",
      "     64.0    -2016.0            20160.0          -92400.0          221760.0\n",
      "  -2016.0    84672.0          -952560.0               4.65696e+06      -1.16424e+07\n",
      "  20160.0  -952560.0                1.14307e+07      -5.8212e+07        1.49688e+08\n",
      " -92400.0        4.65696e+06       -5.8212e+07        3.0492e+08       -8.00415e+08\n",
      " 221760.0       -1.16424e+07        1.49688e+08      -8.00415e+08       2.13444e+09\n",
      "Residue error: 3.941031535105385222339968715394366982953037577430152940106354000099930173851606e-68\n",
      "~~~~~~~~~~~~~~~~~~~~~~~~~~~~~~~~~~~~~~~~\n",
      "n = 9\n",
      "Inverse(a section):\n",
      "5×5 Matrix{BigFloat}:\n",
      "      81.0   -3240.0          41580.0          -249480.0          810810.0\n",
      "   -3240.0  172800.0             -2.4948e+06         1.59667e+07      -5.4054e+07\n",
      "   41580.0      -2.4948e+06       3.84199e+07       -2.56133e+08       8.91891e+08\n",
      " -249480.0       1.59667e+07     -2.56133e+08        1.75634e+09      -6.24324e+09\n",
      "  810810.0      -5.4054e+07       8.91891e+08       -6.24324e+09       2.2545e+10\n",
      "Residue error: 1.873149106097147799794526307081557954250620213272684456238784724753378576748293e-66\n",
      "~~~~~~~~~~~~~~~~~~~~~~~~~~~~~~~~~~~~~~~~\n",
      "n = 10\n",
      "Inverse(a section):\n",
      "5×5 Matrix{BigFloat}:\n",
      "     100.0           -4950.0          79200.0          -600600.0           2.52252e+06\n",
      "   -4950.0          326700.0             -5.8806e+06         4.75675e+07  -2.08108e+08\n",
      "   79200.0              -5.8806e+06       1.12908e+08       -9.5135e+08    4.28108e+09\n",
      " -600600.0               4.75675e+07     -9.5135e+08         8.24504e+09  -3.78756e+10\n",
      "       2.52252e+06      -2.08108e+08      4.28108e+09       -3.78756e+10   1.76753e+11\n",
      "Residue error: 6.765592018853856607574685117062894472382438156454210788474343243465668364334428e-65\n",
      "~~~~~~~~~~~~~~~~~~~~~~~~~~~~~~~~~~~~~~~~\n",
      "n = 11\n",
      "Inverse(a section):\n",
      "5×5 Matrix{BigFloat}:\n",
      "    121.0           -7260.0          141570.0          -1.32132e+06   6.93693e+06\n",
      "  -7260.0          580800.0              -1.27413e+07   1.26847e+08  -6.93693e+08\n",
      " 141570.0              -1.27413e+07       2.98146e+08  -3.09189e+09   1.73919e+10\n",
      "     -1.32132e+06       1.26847e+08      -3.09189e+09   3.29801e+10  -1.89378e+11\n",
      "      6.93693e+06      -6.93693e+08       1.73919e+10  -1.89378e+11   1.10471e+12\n",
      "Residue error: 7.416038409438402821776602212527888537446574316057177018664508172837455428133598e-63\n",
      "~~~~~~~~~~~~~~~~~~~~~~~~~~~~~~~~~~~~~~~~\n",
      "n = 12\n",
      "Inverse(a section):\n",
      "5×5 Matrix{BigFloat}:\n",
      "    144.0          -10296.0          240240.0          -2.7027e+06    1.72973e+07\n",
      " -10296.0          981552.0              -2.57657e+07   3.09189e+08  -2.06126e+09\n",
      " 240240.0              -2.57657e+07       7.21441e+08  -9.01801e+09   6.18378e+10\n",
      "     -2.7027e+06        3.09189e+08      -9.01801e+09   1.15946e+11  -8.11621e+11\n",
      "      1.72973e+07      -2.06126e+09       6.18378e+10  -8.11621e+11   5.77153e+12\n",
      "Residue error: 7.687611646967133065954336941437360512057293938898707444700109880575165063530039e-62\n",
      "~~~~~~~~~~~~~~~~~~~~~~~~~~~~~~~~~~~~~~~~\n",
      "n = 13\n",
      "Inverse(a section):\n",
      "5×5 Matrix{BigFloat}:\n",
      "    169.0          -14196.0          390390.0          -5.2052e+06    3.98198e+07\n",
      " -14196.0               1.58995e+06      -4.91891e+07   6.99579e+08  -5.57477e+09\n",
      " 390390.0              -4.91891e+07       1.62324e+09  -2.4048e+10    1.97108e+11\n",
      "     -5.2052e+06        6.99579e+08      -2.4048e+10    3.66446e+11  -3.06612e+12\n",
      "      3.98198e+07      -5.57477e+09       1.97108e+11  -3.06612e+12   2.6062e+13\n",
      "Residue error: 5.202051833837048145815741044956822607368413922290350650326714670175763869076453e-60\n",
      "~~~~~~~~~~~~~~~~~~~~~~~~~~~~~~~~~~~~~~~~\n",
      "n = 14\n",
      "Inverse(a section):\n",
      "5×5 Matrix{BigFloat}:\n",
      "    196.0          -19110.0          611520.0          -9.52952e+06   8.57657e+07\n",
      " -19110.0               2.4843e+06       -8.94348e+07   1.48661e+09  -1.39369e+10\n",
      " 611520.0              -8.94348e+07       3.4343e+09   -5.94642e+10   5.73405e+11\n",
      "     -9.52952e+06       1.48661e+09      -5.94642e+10   1.05903e+12  -1.04248e+13\n",
      "      8.57657e+07      -1.39369e+10       5.73405e+11  -1.04248e+13   1.04248e+14\n",
      "Residue error: 2.806735465697321438464651489856180535612218484397464406206931121185523916620809e-57\n",
      "~~~~~~~~~~~~~~~~~~~~~~~~~~~~~~~~~~~~~~~~\n",
      "n = 15\n",
      "Inverse(a section):\n",
      "5×5 Matrix{BigFloat}:\n",
      "    225.0          -25200.0          928200.0          -1.67076e+07   1.74594e+08\n",
      " -25200.0               3.7632e+06       -1.55938e+08   2.994e+09    -3.2591e+10\n",
      " 928200.0              -1.55938e+08       6.89244e+09  -1.37849e+11   1.54341e+12\n",
      "     -1.67076e+07       2.994e+09        -1.37849e+11   2.83575e+12  -3.24117e+13\n",
      "      1.74594e+08      -3.2591e+10        1.54341e+12  -3.24117e+13   3.76336e+14\n",
      "Residue error: 2.131756113584112703199270582262919359856596782917123013115118507562359232587161e-56\n",
      "~~~~~~~~~~~~~~~~~~~~~~~~~~~~~~~~~~~~~~~~\n"
     ]
    }
   ],
   "source": [
    "mybench(BigFloat, inverse, 2:NMAX)"
   ]
  },
  {
   "cell_type": "markdown",
   "id": "874242c2-2167-440b-a8ba-56c5dbfb1331",
   "metadata": {},
   "source": [
    "V této aritmetice pro takto malé rozměry nemáme problém. Numerický problém se ale začne projevovat později. Artimetika v `BigFloat` není exaktní."
   ]
  },
  {
   "cell_type": "code",
   "execution_count": 8,
   "id": "75c56ef7-e4ad-4f60-b7d8-4dfebcc4d963",
   "metadata": {},
   "outputs": [
    {
     "name": "stdout",
     "output_type": "stream",
     "text": [
      "n = 42\n",
      "Inverse(a section):\n",
      "5×5 Matrix{BigFloat}:\n",
      " 1764.0          -1.55497e+06   4.56123e+08  -6.6708e+10    5.83028e+12\n",
      "   -1.55497e+06   1.8276e+09   -6.03109e+11   9.4085e+13   -8.56566e+15\n",
      "    4.56123e+08  -6.03109e+11   2.12294e+14  -3.44978e+16   3.23048e+18\n",
      "   -6.6708e+10    9.4085e+13   -3.44978e+16   5.76607e+18  -5.512e+20\n",
      "    5.83028e+12  -8.56566e+15   3.23048e+18  -5.512e+20     5.35276e+22\n",
      "Residue error: 3.9680992199870308595561151608632766141226966283284127712249755859375e-09\n",
      "~~~~~~~~~~~~~~~~~~~~~~~~~~~~~~~~~~~~~~~~\n",
      "n = 43\n",
      "Inverse(a section):\n",
      "5×5 Matrix{BigFloat}:\n",
      " 1849.0          -1.70848e+06   5.25356e+08  -8.05546e+10   7.38283e+12\n",
      "   -1.70848e+06   2.10484e+09  -7.28144e+11   1.19092e+14  -1.13696e+16\n",
      "    5.25356e+08  -7.28144e+11   2.68685e+14  -4.5776e+16    4.49504e+18\n",
      "   -8.05546e+10   1.19092e+14  -4.5776e+16    8.0217e+18   -8.04112e+20\n",
      "    7.38283e+12  -1.13696e+16   4.49504e+18  -8.04112e+20   8.18854e+22\n",
      "Residue error: 5.55650317083153556327475806886351250568623072467744350433349609375e-08\n",
      "~~~~~~~~~~~~~~~~~~~~~~~~~~~~~~~~~~~~~~~~\n",
      "n = 44\n",
      "Inverse(a section):\n",
      "5×5 Matrix{BigFloat}:\n",
      " 1936.0          -1.87308e+06   6.03132e+08  -9.68529e+10   9.29788e+12\n",
      "   -1.87308e+06   2.41627e+09  -8.75295e+11   1.49928e+14  -1.49928e+16\n",
      "    6.03132e+08  -8.75295e+11   3.38214e+14  -6.03461e+16   6.20703e+18\n",
      "   -9.68529e+10   1.49928e+14  -6.03461e+16   1.1075e+19   -1.16287e+21\n",
      "    9.29788e+12  -1.49928e+16   6.20703e+18  -1.16287e+21   1.24039e+23\n",
